7.259464
7.754014
2.971479
4.024322
2.872478
4.053022
4.380642
3.492733
8.165495
7.984984
4.295284
8.434389
7.094826
4.494017
5.650286
7.330859
7.589328
6.093827
2.924656
3.641988
6.350362
10.050516
2.942316
4.051185
2.326409
3.499313
5.754196
5.612735
1.380110
5.051641
6.844703
5.427662
5.203212
6.773891
6.711056
6.187082
4.781040
2.528038
3.683193
0.753193
1.682402
8.815560
4.829771
4.743193
6.244850
8.430714
7.831960
4.754075
4.516429
0.356226
5.323065
0.117162
3.794585
5.001447
4.586860
5.476607
2.616238
5.715136
4.245904
2.365100
4.960518
0.961927
5.907215
4.631069
8.169206
5.009751
5.880781
7.963999
4.754476
1.847030
1.516595
4.070049
3.389481
3.588535
4.235380
4.404269
4.641887
9.568785
7.411422
6.703007
6.789173
8.917623
4.732898
2.978393
5.170035
7.935507
6.141235
3.392330
4.718800
7.735147
6.958446
5.650815
9.572722
5.025339
6.453432
7.332224
3.563408
3.408945
4.048624
4.584176
5.874780
3.213537
3.806127
3.870518
7.127413
4.273807
5.954520
4.385543
4.187993
6.824409
6.684164
4.215088
1.841327
4.261641
2.254339
3.243651
3.681641
4.909346
3.491609
3.754947
4.383159
2.459594
3.269104
8.473219
8.255705
8.174923
4.643616
5.540284
8.272287
7.149491
5.876255
5.579590
7.846537
1.941805
3.456738
7.309215
2.173859
7.936059
8.201089
1.434701
4.304793
4.405734
6.434832
8.072970
6.010003
3.616105
6.022581
6.622720
5.523313
5.221310
3.573756
4.821441
4.631498
8.731132
7.683055
7.093440
8.167754
8.451501
5.375649
6.218168
3.688052
3.536077
3.624176
2.640956
0.871143
4.175927
7.127254
2.805142
4.116772
7.165749
8.357824
5.801277
5.417443
1.581144
5.171930
5.138471
1.344731
4.779221
5.664887
2.058966
5.226152
6.970582
3.655793
2.321061
2.751739
2.807601
5.966823
3.581729
5.192145
8.330271
6.406835
1.813228
2.635951
6.124343
4.602682
6.475302
6.158242
7.131762
4.427616
9.128192
7.242527
3.430036
2.180909
7.943653
6.241529
0.833250
6.599115
5.237674
8.251182
1.729958
3.536099
9.118360
7.415553
3.667782
5.760940
5.269519
2.231945
2.824677
3.080018
4.530378
8.650346
8.562192
9.330970
6.999094
8.282504
6.309923
6.146851
6.643123
5.081180
8.439043
6.239813
9.180355
2.938344
5.128985
7.620754
3.840956
5.197091
5.869586
6.564060
6.390965
4.459710
10.211263
5.458179
1.871147
7.154048
7.810857
4.385836
3.668857
0.992428
2.993712
2.927109
1.429838
5.460717
6.327758
10.062557
6.320353
8.965749
8.278232
8.533328
5.507355
3.245184
3.416487
5.530409
7.752090
5.594034
8.542083
2.707033
5.398889
9.729430
1.846398
4.197679
1.750326
4.060322
6.303431
3.037257
2.827920
5.217942
7.554938
3.572352
8.557088
7.853023
8.137509
3.255912
5.599353
6.048283
8.794848
6.183407
4.844889
6.030285
6.746627
6.932085
5.428754
1.926605
3.740357
6.047259
6.962026
6.380910
3.295102
5.583681
9.112631
2.403526
2.482316
4.751742
6.430782
1.926227
8.192552
8.148937
5.584507
6.120763
2.916024
7.842730
1.906632
8.840979
5.219890
6.122880
2.624642
8.771227
1.286743
1.751751
6.938410
4.943577
4.003835
4.807999
2.190138
3.580234
1.757462
5.174964
3.224886
5.290058
4.804107
4.290556
2.404751
3.816384
6.726838
6.683627
3.105624
6.624602
2.476384
5.000602
5.136655
4.845699
4.455979
3.772900
6.801089
6.399204
3.825493
1.227247
9.395048
7.461003
4.503971
6.268546
7.594067
9.823359
7.945925
2.731901
6.225513
6.873517
4.942121
2.891249
7.228871
6.679584
6.643948
8.075623
4.775622
4.510953
5.434243
2.797298
6.106543
2.503715
4.263504
5.668489
4.386194
5.104703
5.423365
5.232163
5.556586
4.480599
4.873296
3.605273
4.363286
0.605047
8.580099
7.769409
4.454468
3.598705
3.842494
7.306903
5.907912
8.750869
3.975308
7.885311
3.898348
6.570556
8.075898
4.209190
4.229998
3.540200
8.222617
7.542793
6.635245
