  3.80952381              
  7.61819164              
 11.42608664              
 15.23330297              
 19.03989211              
 22.84587318              
 26.65131098              
 30.45626549              
 34.26079270              
 38.06484758              
 41.86839083              
 45.67149015              
 49.47421167              
 53.27661549              
 57.07878193              
 60.88078352              
 64.68268226              
 68.48452290              
 72.28634130              
 76.08816041              
 79.88999571              
 83.69185265              
 87.49374314              
 91.29567731              
 95.09766288              
 98.89968611              
102.70165054              
106.50358672              
110.30552307              
114.10748136              
117.90947702              
121.71151646              
125.51360595              
129.31574823              
133.11792693              
136.92008822              
140.72224057              
144.52440279              
148.32657182              
